  37  80  45  74  57  76  73  80  46  96  57  92  69  94  76 102  69 103  57 102 164  81 144  74 127  77 114  79 148  98 138  94 126  94 115 102 127 104 138 102  29 114  43 172  83 215 113 217 169 172 180 117  71 168  85 165 101 166 125 169 103 186  87 186  87 176 103 176 101 172  86 173  76 149 110 150  89 143  91 102
  41  51  51  46  64  47  79  52  50  70  61  64  73  66  79  76  72  74  61  76 159  51 145  46 132  47 117  50 150  71 141  67 127  66 119  73 129  76 141  74  35  95  50 144  81 184 112 188 168 140 175  92  75 144  86 136 101 137 123 146 103 160  89 158  90 147 102 147 102 146  89 146  80 121 111 122  91 116  95  71
  45  82  59  77  75  79  93  83  57  98  66  93  79  94  87 101  77 103  66 102 166  80 157  77 145  78 129  82 157  96 147  92 134  94 128 103 136 102 146 102  23 112  40 170  92 214 122 214 166 164 176 114  81 172 103 166 115 166 133 171 116 185 102 186 102 175 115 174 115 173 103 173  92 149 127 149 111 143 111  96
  41  91  52  85  68  88  82  93  51 106  58 100  70 102  79 109  69 111  58 112 154  88 141  86 127  87 113  90 147 108 138 102 124 103 119 109 125 111 137 111  29 126  37 172  83 226 112 226 172 168 175 120  74 182  91 172 102 172 122 182 105 195  91 196  90 184 102 184 101 178  91 179  79 156 115 156  95 148  96 107
  35  58  46  55  60  58  73  62  43  76  52  71  65  74  71  81  63  81  52  81 149  60 137  56 122  58 108  61 140  78 130  72 118  73 110  82 120  82 132  81  25  98  36 144  75 190 103 193 160 148 173  96  64 145  83 143  96 144 122 147  99 163  82 164  84 154  96 154  96 151  84 152  72 126 109 126  89 124  92  80
  48  70  57  66  74  68  91  72  56  88  67  81  80  84  86  90  78  91  67  91 165  70 152  66 138  68 124  71 156  87 147  82 133  83 128  90 134  92 146  91  32 105  46 158  88 202 121 202 172 155 185  98  76 155 100 150 111 150 136 154 114 172  99 172 100 164 112 164 112 158 101 158  87 136 124 136 105 134 106  88
  38  80  51  76  68  77  84  82  48  96  58  90  72  92  78  98  71 100  60 100 156  78 146  75 130  76 116  79 146  94 139  90 125  92 121  99 128  99 139  98  19 118  38 175  87 215 116 214 158 169 170 118  68 164  93 160 108 160 130 162 107 182  92 183  93 174 106 174 107 167  93 166  82 144 120 145 100 139  98  95
  41  59  54  54  70  54  85  58  52  78  60  72  74  72  81  77  73  79  62  80 158  58 148  54 132  55 119  59 149  78 142  72 128  73 122  78 128  79 140  80  30 102  42 155  87 196 118 196 159 157 174 104  76 150  93 141 109 141 125 150 110 163  92 164  94 151 109 151 109 149  94 150  83 123 119 122 101 116 102  72
  42  68  52  65  66  68  82  72  52  85  61  82  74  82  81  88  72  89  62  89 156  68 143  66 128  69 113  73 146  86 138  81 126  82 118  87 127  88 138  88  34 100  44 150  81 202 115 204 166 162 180 108  74 160  90 155 104 156 126 160 108 174  90 174  92 164 106 163 106 162  92 162  80 137 116 136  96 131  98  86
  58  65  68  62  85  65 102  69  68  80  78  76  90  77  98  84  88  84  78  84 176  66 163  62 148  66 133  70 164  82 156  78 144  78 137  84 145  85 155  86  43  94  55 148  99 198 130 198 176 152 188  96  90 156 108 148 122 148 141 155 125 170 106 170 108 158 123 158 122 156 108 155 100 132 132 132 116 124 116  81
  30  51  42  47  56  50  70  54  38  69  48  65  62  67  69  72  59  74  48  73 146  51 133  48 122  50 110  53 136  70 128  64 116  65 109  72 116  73 128  73  16  86  28 132  74 178 101 177 142 135 154  84  62 138  82 130  94 130 114 138  96 154  78 155  83 142  96 141  95 138  83 138  72 117 105 117  88 114  90  70
  36  41  50  35  70  35  88  39  48  58  57  53  70  51  80  60  69  63  58  61 153  37 146  34 136  36 124  39 146  58 136  51 124  53 118  60 126  61 137  62  12  79  25 135  87 179 113 175 142 131 158  83  75 134 101 125 111 125 123 133 111 146  96 146  98 136 111 135 111 134 100 134  89 109 120 109 114 101 106  57
  37  43  47  37  62  37  75  40  44  59  54  53  68  53  75  59  66  59  56  59 152  39 140  35 124  35 108  39 146  58 137  52 123  51 115  59 122  59 135  59  24  80  35 133  76 177 107 180 166 137 180  82  62 126  83 117 100 117 127 127 101 144  83 146  84 138 100 138 100 123  82 124  71 105 112 104  90  97  92  54
  31  50  39  45  59  47  76  50  45  68  55  62  66  64  73  71  65  72  55  71 154  49 144  45 130  47 115  51 144  69 133  63 120  64 116  70 121  71 134  72  22  82  35 139  84 183 110 183 153 140 171  86  70 142  86 134 100 134 118 142 103 157  89 156  89 145 102 145 101 142  88 142  78 119 111 119  94 114  96  67
  40  53  53  51  68  54  84  60  52  75  62  70  76  72  80  78  73  79  62  79 162  51 150  50 136  53 118  57 150  75 143  71 129  71 122  77 129  80 141  79  28  91  44 139  89 187 112 188 156 146 175  89  78 149  94 143 108 143 125 147 112 161  94 164  95 153 108 153 108 151  95 151  86 128 118 126 100 125 102  76
  50  80  60  76  76  77  89  81  55 100  68  95  82  98  87 103  80 105  69 104 166  79 154  76 139  77 125  81 155 100 146  95 133  97 127 103 134 105 146 105  41 114  53 167  93 211 120 213 164 173 181 117  81 169  99 165 112 165 133 171 114 185  98 186 102 174 114 174 113 172 100 172  90 151 122 150 102 147 107  99
  49  65  59  63  76  65  92  70  58  83  71  77  84  79  89  88  83  88  71  88 172  66 160  63 142  63 128  69 160  85 150  79 137  79 129  87 137  88 150  89  38  99  55 154  98 197 122 199 176 156 190  98  84 157 100 152 116 152 137 157 118 173 100 173 102 161 118 162 118 160 102 159  92 136 129 137 105 131 108  86
  43  73  56  65  70  66  85  71  51  91  63  85  76  84  85  92  75  92  64  92 160  69 150  63 135  65 122  69 153  90 143  83 130  84 124  91 130  92 142  92  26 114  36 165  84 207 122 207 168 163 177 111  69 156  96 147 112 147 134 157 112 176  94 178  94 167 112 165 112 155  96 155  84 135 124 133 105 127 105  86
  45  89  58  83  71  85  86  89  52 103  64  98  76  98  84 104  77 106  64 106 164  87 151  83 135  83 122  89 156 103 145  98 133  99 124 105 133 105 146 105  34 119  42 166  85 213 121 213 168 169 178 115  74 165  98 158 114 158 136 165 117 185  97 187  98 176 115 174 114 165  98 166  87 146 124 146 104 137 105  99
  41  57  52  50  68  51  82  56  45  74  58  67  70  69  80  75  71  74  59  74 151  56 142  52 128  53 116  59 144  73 134  68 124  68 117  73 124  75 135  74  25  97  30 153  82 191 119 189 160 141 165  95  65 138  92 138 107 137 130 139 109 153  92 154  92 148 109 147 108 142  92 143  78 118 120 117 101 114  99  72
  46  85  58  82  72  84  86  89  54 101  63  96  75  96  83 102  76 104  64 103 156  85 148  83 134  85 123  89 149 102 142  97 130  97 124 103 130 104 141 103  30 116  46 182  86 215 122 214 164 169 172 115  72 165  96 161 114 161 135 167 115 183  96 184  97 174 112 173 113 167  96 167  84 146 124 146 107 139 105 101
  40  86  52  82  68  84  81  89  51 103  60  98  72  98  79 103  71 105  61 105 153  85 143  82 128  85 116  89 144 102 136  99 124  98 117 104 125 105 135 105  27 124  38 168  84 207 110 207 152 168 163 126  69 165  92 159 108 159 126 166 108 179  90 180  91 170 108 169 108 167  91 167  80 145 116 146 101 135 100 102
  60  67  72  64  89  66 106  69  71  85  79  79  93  80 100  87  90  87  80  87 174  67 165  63 151  65 136  69 166  83 158  78 144  78 138  85 144  87 156  87  47  98  62 146 103 184 130 185 174 144 184 105  93 148 114 139 125 139 142 147 126 160 110 160 113 150 125 149 124 147 114 147 102 127 136 125 122 114 120  86
  48  93  58  89  73  91  87  95  56 108  68 103  78 105  86 110  76 111  67 110 161  92 152  90 136  93 124  95 152 108 142 104 132 105 125 109 132 111 142 111  31 122  44 183  89 219 120 219 162 182 173 128  72 170  98 163 116 164 137 170 116 191  95 191  97 182 114 181 116 170  98 170  86 151 124 152 107 143 106 107
  38  74  49  73  64  75  83  79  45  85  58  81  68  82  75  88  67  89  58  87 150  73 138  71 126  75 112  79 140  86 133  83 122  83 115  89 123  88 132  89  22 101  39 169  83 199 114 198 148 159 160 101  69 159  91 148 102 148 122 158 104 170  88 170  91 161 102 161 102 158  91 158  78 134 112 131  98 122  97  86
  31  43  42  38  59  40  71  45  40  57  51  54  65  54  73  59  62  59  52  59 145  43 137  39 123  41 109  45 135  57 127  53 117  53 109  59 117  59 127  58  17  72  29 133  75 169 106 167 147 129 158  73  60 122  84 114  99 114 119 121 101 139  81 139  83 129  98 129  99 122  83 122  71 102 109 103  93  95  92  55
  57  51  70  49  83  51  99  55  66  68  76  63  89  65  96  72  87  72  75  71 169  52 159  49 145  50 131  54 160  69 153  64 142  64 135  71 142  71 153  71  42  85  54 144 103 181 128 180 170 139 181  82  85 134 108 129 123 129 143 134 125 149 104 149 108 140 121 141 121 137 108 137  96 115 134 114 119 103 117  69
  43  53  55  49  69  53  85  58  53  72  60  67  75  68  81  72  74  74  61  74 156  50 143  47 131  52 118  58 151  71 143  65 130  68 123  73 129  75 142  74  31  86  43 141  91 181 118 181 155 145 169  91  79 144  97 133 109 133 126 145 112 159  96 159  98 147 109 147 109 142  98 143  86 119 121 117 104 110 104  75
  57  52  71  50  83  52  97  57  66  68  75  66  87  65  94  71  86  73  76  72 174  53 162  50 145  53 129  57 165  68 156  63 143  65 135  72 143  73 155  73  44  79  63 140 102 185 135 185 176 145 195  77  91 145 109 139 121 139 143 143 123 156 107 157 110 149 122 149 121 145 109 146  96 122 136 121 115 114 115  69
  32  31  41  26  56  29  69  33  41  46  51  41  66  42  74  49  65  50  51  50 155  31 142  25 127  29 111  32 144  47 135  41 119  43 111  48 122  51 134  50  24  62  36 117  79 162 107 163 156 117 167  62  65 119  83 110  97 109 119 117 103 133  82 133  84 121  99 120  98 118  84 119  73  93 109  92  90  83  90  47
